{
 "cells": [
  {
   "cell_type": "code",
   "execution_count": 219,
   "metadata": {},
   "outputs": [
    {
     "data": {
      "text/html": [
       "<div>\n",
       "<style scoped>\n",
       "    .dataframe tbody tr th:only-of-type {\n",
       "        vertical-align: middle;\n",
       "    }\n",
       "\n",
       "    .dataframe tbody tr th {\n",
       "        vertical-align: top;\n",
       "    }\n",
       "\n",
       "    .dataframe thead th {\n",
       "        text-align: right;\n",
       "    }\n",
       "</style>\n",
       "<table border=\"1\" class=\"dataframe\">\n",
       "  <thead>\n",
       "    <tr style=\"text-align: right;\">\n",
       "      <th></th>\n",
       "      <th>caso</th>\n",
       "      <th>edad</th>\n",
       "      <th>genero</th>\n",
       "      <th>depresion</th>\n",
       "      <th>embarazada</th>\n",
       "      <th>cirugía_de_tiroides</th>\n",
       "      <th>nivel_TSH</th>\n",
       "      <th>nivel_T3</th>\n",
       "      <th>nivel_TT4</th>\n",
       "      <th>nivel_T4U</th>\n",
       "      <th>nivel_FTI</th>\n",
       "      <th>clase</th>\n",
       "    </tr>\n",
       "  </thead>\n",
       "  <tbody>\n",
       "    <tr>\n",
       "      <th>0</th>\n",
       "      <td>1</td>\n",
       "      <td>56</td>\n",
       "      <td>F</td>\n",
       "      <td>NO</td>\n",
       "      <td>NO</td>\n",
       "      <td>NO</td>\n",
       "      <td>1.900</td>\n",
       "      <td>2.044</td>\n",
       "      <td>129.00</td>\n",
       "      <td>1.0500</td>\n",
       "      <td>123.00</td>\n",
       "      <td>0</td>\n",
       "    </tr>\n",
       "    <tr>\n",
       "      <th>1</th>\n",
       "      <td>2</td>\n",
       "      <td>51</td>\n",
       "      <td>F</td>\n",
       "      <td>NO</td>\n",
       "      <td>NO</td>\n",
       "      <td>NO</td>\n",
       "      <td>0.250</td>\n",
       "      <td>1.900</td>\n",
       "      <td>101.00</td>\n",
       "      <td>1.0800</td>\n",
       "      <td>94.00</td>\n",
       "      <td>0</td>\n",
       "    </tr>\n",
       "    <tr>\n",
       "      <th>2</th>\n",
       "      <td>3</td>\n",
       "      <td>50</td>\n",
       "      <td>F</td>\n",
       "      <td>NO</td>\n",
       "      <td>NO</td>\n",
       "      <td>NO</td>\n",
       "      <td>2.000</td>\n",
       "      <td>2.500</td>\n",
       "      <td>133.00</td>\n",
       "      <td>1.0800</td>\n",
       "      <td>123.00</td>\n",
       "      <td>0</td>\n",
       "    </tr>\n",
       "    <tr>\n",
       "      <th>3</th>\n",
       "      <td>4</td>\n",
       "      <td>73</td>\n",
       "      <td>M</td>\n",
       "      <td>NO</td>\n",
       "      <td>NO</td>\n",
       "      <td>NO</td>\n",
       "      <td>1.800</td>\n",
       "      <td>2.100</td>\n",
       "      <td>103.00</td>\n",
       "      <td>0.9200</td>\n",
       "      <td>112.00</td>\n",
       "      <td>0</td>\n",
       "    </tr>\n",
       "    <tr>\n",
       "      <th>4</th>\n",
       "      <td>5</td>\n",
       "      <td>56</td>\n",
       "      <td>F</td>\n",
       "      <td>NO</td>\n",
       "      <td>NO</td>\n",
       "      <td>NO</td>\n",
       "      <td>3.774</td>\n",
       "      <td>3.900</td>\n",
       "      <td>141.00</td>\n",
       "      <td>1.1200</td>\n",
       "      <td>126.00</td>\n",
       "      <td>0</td>\n",
       "    </tr>\n",
       "    <tr>\n",
       "      <th>5</th>\n",
       "      <td>6</td>\n",
       "      <td>44</td>\n",
       "      <td>M</td>\n",
       "      <td>NO</td>\n",
       "      <td>NO</td>\n",
       "      <td>NO</td>\n",
       "      <td>1.900</td>\n",
       "      <td>2.200</td>\n",
       "      <td>103.00</td>\n",
       "      <td>1.2000</td>\n",
       "      <td>86.00</td>\n",
       "      <td>0</td>\n",
       "    </tr>\n",
       "    <tr>\n",
       "      <th>6</th>\n",
       "      <td>7</td>\n",
       "      <td>24</td>\n",
       "      <td>F</td>\n",
       "      <td>NO</td>\n",
       "      <td>NO</td>\n",
       "      <td>NO</td>\n",
       "      <td>1.700</td>\n",
       "      <td>2.400</td>\n",
       "      <td>126.00</td>\n",
       "      <td>0.9200</td>\n",
       "      <td>136.00</td>\n",
       "      <td>0</td>\n",
       "    </tr>\n",
       "    <tr>\n",
       "      <th>7</th>\n",
       "      <td>8</td>\n",
       "      <td>40</td>\n",
       "      <td>M</td>\n",
       "      <td>NO</td>\n",
       "      <td>NO</td>\n",
       "      <td>NO</td>\n",
       "      <td>0.250</td>\n",
       "      <td>2.300</td>\n",
       "      <td>134.00</td>\n",
       "      <td>0.8400</td>\n",
       "      <td>160.00</td>\n",
       "      <td>0</td>\n",
       "    </tr>\n",
       "    <tr>\n",
       "      <th>8</th>\n",
       "      <td>9</td>\n",
       "      <td>81</td>\n",
       "      <td>M</td>\n",
       "      <td>NO</td>\n",
       "      <td>NO</td>\n",
       "      <td>NO</td>\n",
       "      <td>1.300</td>\n",
       "      <td>1.200</td>\n",
       "      <td>147.00</td>\n",
       "      <td>1.0600</td>\n",
       "      <td>138.00</td>\n",
       "      <td>0</td>\n",
       "    </tr>\n",
       "    <tr>\n",
       "      <th>9</th>\n",
       "      <td>10</td>\n",
       "      <td>53</td>\n",
       "      <td>F</td>\n",
       "      <td>NO</td>\n",
       "      <td>NO</td>\n",
       "      <td>NO</td>\n",
       "      <td>0.850</td>\n",
       "      <td>2.000</td>\n",
       "      <td>103.00</td>\n",
       "      <td>0.9300</td>\n",
       "      <td>111.00</td>\n",
       "      <td>0</td>\n",
       "    </tr>\n",
       "    <tr>\n",
       "      <th>10</th>\n",
       "      <td>11</td>\n",
       "      <td>36</td>\n",
       "      <td>M</td>\n",
       "      <td>NO</td>\n",
       "      <td>NO</td>\n",
       "      <td>NO</td>\n",
       "      <td>1.700</td>\n",
       "      <td>2.600</td>\n",
       "      <td>129.00</td>\n",
       "      <td>1.1800</td>\n",
       "      <td>109.00</td>\n",
       "      <td>0</td>\n",
       "    </tr>\n",
       "    <tr>\n",
       "      <th>11</th>\n",
       "      <td>12</td>\n",
       "      <td>35</td>\n",
       "      <td>F</td>\n",
       "      <td>NO</td>\n",
       "      <td>NO</td>\n",
       "      <td>NO</td>\n",
       "      <td>1.200</td>\n",
       "      <td>2.000</td>\n",
       "      <td>89.00</td>\n",
       "      <td>0.9923</td>\n",
       "      <td>110.89</td>\n",
       "      <td>0</td>\n",
       "    </tr>\n",
       "    <tr>\n",
       "      <th>12</th>\n",
       "      <td>13</td>\n",
       "      <td>25</td>\n",
       "      <td>F</td>\n",
       "      <td>NO</td>\n",
       "      <td>NO</td>\n",
       "      <td>NO</td>\n",
       "      <td>1.500</td>\n",
       "      <td>2.100</td>\n",
       "      <td>133.00</td>\n",
       "      <td>0.9923</td>\n",
       "      <td>110.89</td>\n",
       "      <td>0</td>\n",
       "    </tr>\n",
       "    <tr>\n",
       "      <th>13</th>\n",
       "      <td>15</td>\n",
       "      <td>29</td>\n",
       "      <td>F</td>\n",
       "      <td>NO</td>\n",
       "      <td>NO</td>\n",
       "      <td>NO</td>\n",
       "      <td>2.100</td>\n",
       "      <td>2.200</td>\n",
       "      <td>101.00</td>\n",
       "      <td>0.7900</td>\n",
       "      <td>129.00</td>\n",
       "      <td>0</td>\n",
       "    </tr>\n",
       "    <tr>\n",
       "      <th>14</th>\n",
       "      <td>16</td>\n",
       "      <td>71</td>\n",
       "      <td>F</td>\n",
       "      <td>NO</td>\n",
       "      <td>NO</td>\n",
       "      <td>NO</td>\n",
       "      <td>0.920</td>\n",
       "      <td>2.100</td>\n",
       "      <td>84.00</td>\n",
       "      <td>0.8600</td>\n",
       "      <td>98.00</td>\n",
       "      <td>0</td>\n",
       "    </tr>\n",
       "    <tr>\n",
       "      <th>15</th>\n",
       "      <td>17</td>\n",
       "      <td>80</td>\n",
       "      <td>F</td>\n",
       "      <td>NO</td>\n",
       "      <td>NO</td>\n",
       "      <td>NO</td>\n",
       "      <td>0.005</td>\n",
       "      <td>2.700</td>\n",
       "      <td>101.00</td>\n",
       "      <td>0.8400</td>\n",
       "      <td>121.00</td>\n",
       "      <td>0</td>\n",
       "    </tr>\n",
       "    <tr>\n",
       "      <th>16</th>\n",
       "      <td>18</td>\n",
       "      <td>24</td>\n",
       "      <td>F</td>\n",
       "      <td>NO</td>\n",
       "      <td>NO</td>\n",
       "      <td>NO</td>\n",
       "      <td>0.380</td>\n",
       "      <td>2.300</td>\n",
       "      <td>152.00</td>\n",
       "      <td>0.9600</td>\n",
       "      <td>158.00</td>\n",
       "      <td>0</td>\n",
       "    </tr>\n",
       "    <tr>\n",
       "      <th>17</th>\n",
       "      <td>19</td>\n",
       "      <td>88</td>\n",
       "      <td>F</td>\n",
       "      <td>NO</td>\n",
       "      <td>NO</td>\n",
       "      <td>NO</td>\n",
       "      <td>13.000</td>\n",
       "      <td>2.044</td>\n",
       "      <td>123.00</td>\n",
       "      <td>0.9900</td>\n",
       "      <td>124.00</td>\n",
       "      <td>0</td>\n",
       "    </tr>\n",
       "    <tr>\n",
       "      <th>18</th>\n",
       "      <td>20</td>\n",
       "      <td>22</td>\n",
       "      <td>F</td>\n",
       "      <td>NO</td>\n",
       "      <td>NO</td>\n",
       "      <td>NO</td>\n",
       "      <td>1.000</td>\n",
       "      <td>2.700</td>\n",
       "      <td>150.00</td>\n",
       "      <td>1.2200</td>\n",
       "      <td>124.00</td>\n",
       "      <td>0</td>\n",
       "    </tr>\n",
       "    <tr>\n",
       "      <th>19</th>\n",
       "      <td>21</td>\n",
       "      <td>57</td>\n",
       "      <td>F</td>\n",
       "      <td>NO</td>\n",
       "      <td>NO</td>\n",
       "      <td>NO</td>\n",
       "      <td>3.774</td>\n",
       "      <td>2.044</td>\n",
       "      <td>108.33</td>\n",
       "      <td>0.9923</td>\n",
       "      <td>110.89</td>\n",
       "      <td>0</td>\n",
       "    </tr>\n",
       "  </tbody>\n",
       "</table>\n",
       "</div>"
      ],
      "text/plain": [
       "    caso  edad genero depresion embarazada cirugía_de_tiroides  nivel_TSH  \\\n",
       "0      1    56      F        NO         NO                  NO      1.900   \n",
       "1      2    51      F        NO         NO                  NO      0.250   \n",
       "2      3    50      F        NO         NO                  NO      2.000   \n",
       "3      4    73      M        NO         NO                  NO      1.800   \n",
       "4      5    56      F        NO         NO                  NO      3.774   \n",
       "5      6    44      M        NO         NO                  NO      1.900   \n",
       "6      7    24      F        NO         NO                  NO      1.700   \n",
       "7      8    40      M        NO         NO                  NO      0.250   \n",
       "8      9    81      M        NO         NO                  NO      1.300   \n",
       "9     10    53      F        NO         NO                  NO      0.850   \n",
       "10    11    36      M        NO         NO                  NO      1.700   \n",
       "11    12    35      F        NO         NO                  NO      1.200   \n",
       "12    13    25      F        NO         NO                  NO      1.500   \n",
       "13    15    29      F        NO         NO                  NO      2.100   \n",
       "14    16    71      F        NO         NO                  NO      0.920   \n",
       "15    17    80      F        NO         NO                  NO      0.005   \n",
       "16    18    24      F        NO         NO                  NO      0.380   \n",
       "17    19    88      F        NO         NO                  NO     13.000   \n",
       "18    20    22      F        NO         NO                  NO      1.000   \n",
       "19    21    57      F        NO         NO                  NO      3.774   \n",
       "\n",
       "    nivel_T3  nivel_TT4  nivel_T4U  nivel_FTI  clase  \n",
       "0      2.044     129.00     1.0500     123.00      0  \n",
       "1      1.900     101.00     1.0800      94.00      0  \n",
       "2      2.500     133.00     1.0800     123.00      0  \n",
       "3      2.100     103.00     0.9200     112.00      0  \n",
       "4      3.900     141.00     1.1200     126.00      0  \n",
       "5      2.200     103.00     1.2000      86.00      0  \n",
       "6      2.400     126.00     0.9200     136.00      0  \n",
       "7      2.300     134.00     0.8400     160.00      0  \n",
       "8      1.200     147.00     1.0600     138.00      0  \n",
       "9      2.000     103.00     0.9300     111.00      0  \n",
       "10     2.600     129.00     1.1800     109.00      0  \n",
       "11     2.000      89.00     0.9923     110.89      0  \n",
       "12     2.100     133.00     0.9923     110.89      0  \n",
       "13     2.200     101.00     0.7900     129.00      0  \n",
       "14     2.100      84.00     0.8600      98.00      0  \n",
       "15     2.700     101.00     0.8400     121.00      0  \n",
       "16     2.300     152.00     0.9600     158.00      0  \n",
       "17     2.044     123.00     0.9900     124.00      0  \n",
       "18     2.700     150.00     1.2200     124.00      0  \n",
       "19     2.044     108.33     0.9923     110.89      0  "
      ]
     },
     "execution_count": 219,
     "metadata": {},
     "output_type": "execute_result"
    }
   ],
   "source": [
    "import pandas as pd\n",
    "import matplotlib.pyplot as plt\n",
    "datos=pd.read_csv(\"./Sick_pacientes.txt\",sep=\";\")\n",
    "datos.head(20)"
   ]
  },
  {
   "cell_type": "code",
   "execution_count": 220,
   "metadata": {},
   "outputs": [
    {
     "data": {
      "text/plain": [
       "edad          51.794764\n",
       "nivel_TSH      3.773681\n",
       "nivel_T3       2.039007\n",
       "nivel_TT4    108.330639\n",
       "nivel_T4U      0.992342\n",
       "nivel_FTI    110.891749\n",
       "dtype: float64"
      ]
     },
     "execution_count": 220,
     "metadata": {},
     "output_type": "execute_result"
    }
   ],
   "source": [
    "datos.drop(columns=['caso','clase']).mean()"
   ]
  },
  {
   "cell_type": "code",
   "execution_count": 221,
   "metadata": {},
   "outputs": [
    {
     "data": {
      "text/html": [
       "<div>\n",
       "<style scoped>\n",
       "    .dataframe tbody tr th:only-of-type {\n",
       "        vertical-align: middle;\n",
       "    }\n",
       "\n",
       "    .dataframe tbody tr th {\n",
       "        vertical-align: top;\n",
       "    }\n",
       "\n",
       "    .dataframe thead th {\n",
       "        text-align: right;\n",
       "    }\n",
       "</style>\n",
       "<table border=\"1\" class=\"dataframe\">\n",
       "  <thead>\n",
       "    <tr style=\"text-align: right;\">\n",
       "      <th></th>\n",
       "      <th>edad</th>\n",
       "      <th>nivel_TSH</th>\n",
       "      <th>nivel_T3</th>\n",
       "      <th>nivel_TT4</th>\n",
       "      <th>nivel_T4U</th>\n",
       "      <th>nivel_FTI</th>\n",
       "    </tr>\n",
       "  </thead>\n",
       "  <tbody>\n",
       "    <tr>\n",
       "      <th>edad</th>\n",
       "      <td>527.756576</td>\n",
       "      <td>-4.546745</td>\n",
       "      <td>-3.181298</td>\n",
       "      <td>-22.045582</td>\n",
       "      <td>-0.583977</td>\n",
       "      <td>39.685726</td>\n",
       "    </tr>\n",
       "    <tr>\n",
       "      <th>nivel_TSH</th>\n",
       "      <td>-4.546745</td>\n",
       "      <td>146.672617</td>\n",
       "      <td>-1.664949</td>\n",
       "      <td>-129.365019</td>\n",
       "      <td>0.223349</td>\n",
       "      <td>-127.945410</td>\n",
       "    </tr>\n",
       "    <tr>\n",
       "      <th>nivel_T3</th>\n",
       "      <td>-3.181298</td>\n",
       "      <td>-1.664949</td>\n",
       "      <td>0.510356</td>\n",
       "      <td>11.750985</td>\n",
       "      <td>0.058197</td>\n",
       "      <td>5.671876</td>\n",
       "    </tr>\n",
       "    <tr>\n",
       "      <th>nivel_TT4</th>\n",
       "      <td>-22.045582</td>\n",
       "      <td>-129.365019</td>\n",
       "      <td>11.750985</td>\n",
       "      <td>1150.310629</td>\n",
       "      <td>2.855427</td>\n",
       "      <td>764.893706</td>\n",
       "    </tr>\n",
       "    <tr>\n",
       "      <th>nivel_T4U</th>\n",
       "      <td>-0.583977</td>\n",
       "      <td>0.223349</td>\n",
       "      <td>0.058197</td>\n",
       "      <td>2.855427</td>\n",
       "      <td>0.036010</td>\n",
       "      <td>-1.102207</td>\n",
       "    </tr>\n",
       "    <tr>\n",
       "      <th>nivel_FTI</th>\n",
       "      <td>39.685726</td>\n",
       "      <td>-127.945410</td>\n",
       "      <td>5.671876</td>\n",
       "      <td>764.893706</td>\n",
       "      <td>-1.102207</td>\n",
       "      <td>911.760633</td>\n",
       "    </tr>\n",
       "  </tbody>\n",
       "</table>\n",
       "</div>"
      ],
      "text/plain": [
       "                 edad   nivel_TSH   nivel_T3    nivel_TT4  nivel_T4U  \\\n",
       "edad       527.756576   -4.546745  -3.181298   -22.045582  -0.583977   \n",
       "nivel_TSH   -4.546745  146.672617  -1.664949  -129.365019   0.223349   \n",
       "nivel_T3    -3.181298   -1.664949   0.510356    11.750985   0.058197   \n",
       "nivel_TT4  -22.045582 -129.365019  11.750985  1150.310629   2.855427   \n",
       "nivel_T4U   -0.583977    0.223349   0.058197     2.855427   0.036010   \n",
       "nivel_FTI   39.685726 -127.945410   5.671876   764.893706  -1.102207   \n",
       "\n",
       "            nivel_FTI  \n",
       "edad        39.685726  \n",
       "nivel_TSH -127.945410  \n",
       "nivel_T3     5.671876  \n",
       "nivel_TT4  764.893706  \n",
       "nivel_T4U   -1.102207  \n",
       "nivel_FTI  911.760633  "
      ]
     },
     "execution_count": 221,
     "metadata": {},
     "output_type": "execute_result"
    }
   ],
   "source": [
    "datos.drop(columns=['caso','clase']).cov()"
   ]
  },
  {
   "cell_type": "code",
   "execution_count": 222,
   "metadata": {},
   "outputs": [
    {
     "data": {
      "text/html": [
       "<div>\n",
       "<style scoped>\n",
       "    .dataframe tbody tr th:only-of-type {\n",
       "        vertical-align: middle;\n",
       "    }\n",
       "\n",
       "    .dataframe tbody tr th {\n",
       "        vertical-align: top;\n",
       "    }\n",
       "\n",
       "    .dataframe thead th {\n",
       "        text-align: right;\n",
       "    }\n",
       "</style>\n",
       "<table border=\"1\" class=\"dataframe\">\n",
       "  <thead>\n",
       "    <tr style=\"text-align: right;\">\n",
       "      <th></th>\n",
       "      <th>edad</th>\n",
       "      <th>nivel_TSH</th>\n",
       "      <th>nivel_T3</th>\n",
       "      <th>nivel_TT4</th>\n",
       "      <th>nivel_T4U</th>\n",
       "      <th>nivel_FTI</th>\n",
       "    </tr>\n",
       "  </thead>\n",
       "  <tbody>\n",
       "    <tr>\n",
       "      <th>edad</th>\n",
       "      <td>1.000000</td>\n",
       "      <td>-0.016342</td>\n",
       "      <td>-0.193843</td>\n",
       "      <td>-0.028294</td>\n",
       "      <td>-0.133957</td>\n",
       "      <td>0.057211</td>\n",
       "    </tr>\n",
       "    <tr>\n",
       "      <th>nivel_TSH</th>\n",
       "      <td>-0.016342</td>\n",
       "      <td>1.000000</td>\n",
       "      <td>-0.192438</td>\n",
       "      <td>-0.314945</td>\n",
       "      <td>0.097185</td>\n",
       "      <td>-0.349872</td>\n",
       "    </tr>\n",
       "    <tr>\n",
       "      <th>nivel_T3</th>\n",
       "      <td>-0.193843</td>\n",
       "      <td>-0.192438</td>\n",
       "      <td>1.000000</td>\n",
       "      <td>0.484987</td>\n",
       "      <td>0.429289</td>\n",
       "      <td>0.262936</td>\n",
       "    </tr>\n",
       "    <tr>\n",
       "      <th>nivel_TT4</th>\n",
       "      <td>-0.028294</td>\n",
       "      <td>-0.314945</td>\n",
       "      <td>0.484987</td>\n",
       "      <td>1.000000</td>\n",
       "      <td>0.443660</td>\n",
       "      <td>0.746884</td>\n",
       "    </tr>\n",
       "    <tr>\n",
       "      <th>nivel_T4U</th>\n",
       "      <td>-0.133957</td>\n",
       "      <td>0.097185</td>\n",
       "      <td>0.429289</td>\n",
       "      <td>0.443660</td>\n",
       "      <td>1.000000</td>\n",
       "      <td>-0.192358</td>\n",
       "    </tr>\n",
       "    <tr>\n",
       "      <th>nivel_FTI</th>\n",
       "      <td>0.057211</td>\n",
       "      <td>-0.349872</td>\n",
       "      <td>0.262936</td>\n",
       "      <td>0.746884</td>\n",
       "      <td>-0.192358</td>\n",
       "      <td>1.000000</td>\n",
       "    </tr>\n",
       "  </tbody>\n",
       "</table>\n",
       "</div>"
      ],
      "text/plain": [
       "               edad  nivel_TSH  nivel_T3  nivel_TT4  nivel_T4U  nivel_FTI\n",
       "edad       1.000000  -0.016342 -0.193843  -0.028294  -0.133957   0.057211\n",
       "nivel_TSH -0.016342   1.000000 -0.192438  -0.314945   0.097185  -0.349872\n",
       "nivel_T3  -0.193843  -0.192438  1.000000   0.484987   0.429289   0.262936\n",
       "nivel_TT4 -0.028294  -0.314945  0.484987   1.000000   0.443660   0.746884\n",
       "nivel_T4U -0.133957   0.097185  0.429289   0.443660   1.000000  -0.192358\n",
       "nivel_FTI  0.057211  -0.349872  0.262936   0.746884  -0.192358   1.000000"
      ]
     },
     "execution_count": 222,
     "metadata": {},
     "output_type": "execute_result"
    }
   ],
   "source": [
    "datos.drop(columns=[\"caso\",\"clase\"]).corr()"
   ]
  },
  {
   "cell_type": "code",
   "execution_count": 224,
   "metadata": {},
   "outputs": [],
   "source": [
    "def escala_zscore(X,clase):\n",
    "    df=pd.DataFrame()\n",
    "    for c in X.columns:\n",
    "        if X[c].dtype!='object' and c!=clase:\n",
    "            df[c]=(X[c]-X[c].mean())/(X[c].std())\n",
    "        else :\n",
    "            df[c]=(X[c])\n",
    "    return df\n",
    "\n",
    "X_escala=escala_zscore(datos,'clase')\n",
    "X_escala.head()\n",
    "datos=X_escala"
   ]
  },
  {
   "cell_type": "code",
   "execution_count": 225,
   "metadata": {},
   "outputs": [
    {
     "name": "stdout",
     "output_type": "stream",
     "text": [
      "Autovalor: 1\n",
      "2.3220751921287253\n",
      "Autovector:\n",
      "[ 0.0841952   0.31868209 -0.4657229  -0.60988548 -0.27139188 -0.47837351]\n",
      "Autovalor: 2\n",
      "1.4661647036333676\n",
      "Autovector:\n",
      "[-0.38124023  0.37486862  0.31229434 -0.0237822   0.64009144 -0.45422353]\n",
      "Autovalor: 3\n",
      "0.9425941382708535\n",
      "Autovector:\n",
      "[ 0.86872783  0.29758011 -0.04443674  0.18065988  0.34790329 -0.03329741]\n",
      "Autovalor: 4\n",
      "0.7270477402938491\n",
      "Autovector:\n",
      "[-0.23361553  0.78817006 -0.16446363  0.2295462  -0.18722375  0.4576235 ]\n",
      "Autovalor: 5\n",
      "0.5064244145458966\n",
      "Autovector:\n",
      "[ 0.19570711  0.21271387  0.80940622 -0.31607022 -0.40132236  0.01879065]\n",
      "Autovalor: 6\n",
      "0.03569381112730467\n",
      "Autovector:\n",
      "[-0.00123482 -0.05387111 -0.03759098 -0.66501449  0.44663221  0.59494428]\n"
     ]
    }
   ],
   "source": [
    "from numpy import linalg as LA\n",
    "w, v = LA.eig(datos.drop(columns=['caso','clase']).cov())\n",
    "i=1\n",
    "for x in w:\n",
    "    print(\"Autovalor:\",i)\n",
    "    print(x)\n",
    "    print(\"Autovector:\")\n",
    "    print(v[:,i-1])\n",
    "    i=i+1"
   ]
  },
  {
   "cell_type": "code",
   "execution_count": 226,
   "metadata": {},
   "outputs": [
    {
     "name": "stdout",
     "output_type": "stream",
     "text": [
      "Autovalor: 1\n",
      "2.3220751921287226\n",
      "Autovector:\n",
      "[-0.0841952  -0.31868209  0.4657229   0.60988548  0.27139188  0.47837351]\n",
      "Autovalor: 2\n",
      "1.4661647036333691\n",
      "Autovector:\n",
      "[-0.38124023  0.37486862  0.31229434 -0.0237822   0.64009144 -0.45422353]\n",
      "Autovalor: 3\n",
      "0.9425941382708536\n",
      "Autovector:\n",
      "[ 0.86872783  0.29758011 -0.04443674  0.18065988  0.34790329 -0.03329741]\n",
      "Autovalor: 4\n",
      "0.7270477402938494\n",
      "Autovector:\n",
      "[-0.23361553  0.78817006 -0.16446363  0.2295462  -0.18722375  0.4576235 ]\n",
      "Autovalor: 5\n",
      "0.5064244145458956\n",
      "Autovector:\n",
      "[ 0.19570711  0.21271387  0.80940622 -0.31607022 -0.40132236  0.01879065]\n",
      "Autovalor: 6\n",
      "0.035693811127304874\n",
      "Autovector:\n",
      "[-0.00123482 -0.05387111 -0.03759098 -0.66501449  0.44663221  0.59494428]\n"
     ]
    }
   ],
   "source": [
    "from sklearn.decomposition import PCA\n",
    "variables=['edad','nivel_TSH','nivel_T3',\n",
    "'nivel_TT4','nivel_T4U','nivel_FTI']\n",
    "pca = PCA(n_components=6).fit(datos[variables])\n",
    "i=1\n",
    "for x in pca.explained_variance_:\n",
    "    print('Autovalor:',i)\n",
    "    print(x)\n",
    "    print('Autovector:')\n",
    "    print(pca.components_[i-1,:])\n",
    "    i=i+1"
   ]
  },
  {
   "cell_type": "code",
   "execution_count": 227,
   "metadata": {},
   "outputs": [
    {
     "name": "stdout",
     "output_type": "stream",
     "text": [
      "Varianza total Traza: 5.999999999999998\n",
      "Varianza total suma autovalores: 5.999999999999995\n"
     ]
    }
   ],
   "source": [
    "import numpy as np\n",
    "print(\"Varianza total Traza:\", np.trace(datos[variables].cov()))\n",
    "print(\"Varianza total suma autovalores:\",sum(pca.explained_variance_))"
   ]
  },
  {
   "cell_type": "code",
   "execution_count": 228,
   "metadata": {},
   "outputs": [
    {
     "name": "stdout",
     "output_type": "stream",
     "text": [
      "Autovalor ( 1 ): 0.38701253202145414 Acumulada: 0.38701253202145414\n",
      "Autovalor ( 2 ): 0.24436078393889507 Acumulada: 0.6313733159603492\n",
      "Autovalor ( 3 ): 0.1570990230451424 Acumulada: 0.7884723390054915\n",
      "Autovalor ( 4 ): 0.12117462338230835 Acumulada: 0.9096469623877999\n",
      "Autovalor ( 5 ): 0.08440406909098268 Acumulada: 0.9940510314787825\n",
      "Autovalor ( 6 ): 0.005948968521217484 Acumulada: 1.0\n"
     ]
    }
   ],
   "source": [
    "i=1\n",
    "acum=0\n",
    "for x in pca.explained_variance_:\n",
    "    acum=acum+x/sum(pca.explained_variance_)\n",
    "    print('Autovalor (',i,'):', x/sum(pca.explained_variance_),'Acumulada:',acum)\n",
    "    i=i+1"
   ]
  },
  {
   "cell_type": "code",
   "execution_count": null,
   "metadata": {},
   "outputs": [],
   "source": [
    "Y1=(0.00734*edad)+(-0.1075*nivel_TSH)+(0.00695*nivel_T3)+(0.75447*nivel_TT4)+(0.000774*nivel_T4U)+(0.64737*nivel_FTI)"
   ]
  },
  {
   "cell_type": "code",
   "execution_count": null,
   "metadata": {},
   "outputs": [],
   "source": [
    "Y2=(0.98718*edad)+(-0.01275*nivel_TSH)+(-0.00703*nivel_T3)+(-0.1098*nivel_TT4)+(-0.001907*nivel_T4U)+(0.11480353*nivel_FTI)"
   ]
  },
  {
   "cell_type": "code",
   "execution_count": 229,
   "metadata": {},
   "outputs": [
    {
     "data": {
      "text/html": [
       "<div>\n",
       "<style scoped>\n",
       "    .dataframe tbody tr th:only-of-type {\n",
       "        vertical-align: middle;\n",
       "    }\n",
       "\n",
       "    .dataframe tbody tr th {\n",
       "        vertical-align: top;\n",
       "    }\n",
       "\n",
       "    .dataframe thead th {\n",
       "        text-align: right;\n",
       "    }\n",
       "</style>\n",
       "<table border=\"1\" class=\"dataframe\">\n",
       "  <thead>\n",
       "    <tr style=\"text-align: right;\">\n",
       "      <th></th>\n",
       "      <th>variables</th>\n",
       "      <th>CP1</th>\n",
       "      <th>CP2</th>\n",
       "      <th>CP3</th>\n",
       "      <th>CP4</th>\n",
       "      <th>CP5</th>\n",
       "      <th>CP6</th>\n",
       "    </tr>\n",
       "  </thead>\n",
       "  <tbody>\n",
       "    <tr>\n",
       "      <th>0</th>\n",
       "      <td>edad</td>\n",
       "      <td>-0.084195</td>\n",
       "      <td>-0.381240</td>\n",
       "      <td>0.868728</td>\n",
       "      <td>-0.233616</td>\n",
       "      <td>0.195707</td>\n",
       "      <td>-0.001235</td>\n",
       "    </tr>\n",
       "    <tr>\n",
       "      <th>1</th>\n",
       "      <td>nivel_TSH</td>\n",
       "      <td>-0.318682</td>\n",
       "      <td>0.374869</td>\n",
       "      <td>0.297580</td>\n",
       "      <td>0.788170</td>\n",
       "      <td>0.212714</td>\n",
       "      <td>-0.053871</td>\n",
       "    </tr>\n",
       "    <tr>\n",
       "      <th>2</th>\n",
       "      <td>nivel_T3</td>\n",
       "      <td>0.465723</td>\n",
       "      <td>0.312294</td>\n",
       "      <td>-0.044437</td>\n",
       "      <td>-0.164464</td>\n",
       "      <td>0.809406</td>\n",
       "      <td>-0.037591</td>\n",
       "    </tr>\n",
       "    <tr>\n",
       "      <th>3</th>\n",
       "      <td>nivel_TT4</td>\n",
       "      <td>0.609885</td>\n",
       "      <td>-0.023782</td>\n",
       "      <td>0.180660</td>\n",
       "      <td>0.229546</td>\n",
       "      <td>-0.316070</td>\n",
       "      <td>-0.665014</td>\n",
       "    </tr>\n",
       "    <tr>\n",
       "      <th>4</th>\n",
       "      <td>nivel_T4U</td>\n",
       "      <td>0.271392</td>\n",
       "      <td>0.640091</td>\n",
       "      <td>0.347903</td>\n",
       "      <td>-0.187224</td>\n",
       "      <td>-0.401322</td>\n",
       "      <td>0.446632</td>\n",
       "    </tr>\n",
       "    <tr>\n",
       "      <th>5</th>\n",
       "      <td>nivel_FTI</td>\n",
       "      <td>0.478374</td>\n",
       "      <td>-0.454224</td>\n",
       "      <td>-0.033297</td>\n",
       "      <td>0.457624</td>\n",
       "      <td>0.018791</td>\n",
       "      <td>0.594944</td>\n",
       "    </tr>\n",
       "  </tbody>\n",
       "</table>\n",
       "</div>"
      ],
      "text/plain": [
       "   variables       CP1       CP2       CP3       CP4       CP5       CP6\n",
       "0       edad -0.084195 -0.381240  0.868728 -0.233616  0.195707 -0.001235\n",
       "1  nivel_TSH -0.318682  0.374869  0.297580  0.788170  0.212714 -0.053871\n",
       "2   nivel_T3  0.465723  0.312294 -0.044437 -0.164464  0.809406 -0.037591\n",
       "3  nivel_TT4  0.609885 -0.023782  0.180660  0.229546 -0.316070 -0.665014\n",
       "4  nivel_T4U  0.271392  0.640091  0.347903 -0.187224 -0.401322  0.446632\n",
       "5  nivel_FTI  0.478374 -0.454224 -0.033297  0.457624  0.018791  0.594944"
      ]
     },
     "execution_count": 229,
     "metadata": {},
     "output_type": "execute_result"
    }
   ],
   "source": [
    "cargas=pd.DataFrame()\n",
    "cargas['variables']=variables\n",
    "i=1\n",
    "for x in pca.explained_variance_:\n",
    "    cargas['CP'+str(i)]=pca.components_[i-1,:]\n",
    "    i=i+1\n",
    "cargas"
   ]
  },
  {
   "cell_type": "code",
   "execution_count": 307,
   "metadata": {},
   "outputs": [
    {
     "data": {
      "text/plain": [
       "0.9999999999999996"
      ]
     },
     "execution_count": 307,
     "metadata": {},
     "output_type": "execute_result"
    }
   ],
   "source": [
    "sum(pca.components_[1,:]*pca.components_[1,:])\n"
   ]
  },
  {
   "cell_type": "code",
   "execution_count": 230,
   "metadata": {},
   "outputs": [
    {
     "data": {
